BadEnum
0.042039 0.041384 0.041563 0.041316 0.041256 0.042013 0.041308 0.041462 0.041251 0.041278 0.041487

0.138159 0.137748 0.138077 0.137448 0.137542 0.137848 0.137719 0.138040 0.137808 0.137736 0.137813

0.324179 0.323824 0.323206 0.322521 0.322653 0.322804 0.322455 0.323597 0.325052 0.324333 0.323462

0.631580 0.627405 0.629676 0.628870 0.627039 0.627359 0.630109 0.628438 0.628619 0.625788 0.628488

1.078716 1.080195 1.080060 1.079413 1.078533 1.079459 1.078700 1.080707 1.081990 1.081449 1.079922

1.711207 1.714191 1.710311 1.709924 1.712783 1.708257 1.710527 1.711548 1.709789 1.709391 1.710793

2.554297 2.563084 2.549252 2.550441 2.568292 2.549425 2.551801 2.548614 2.547278 2.545636 2.552812

3.615786 3.616808 3.617028 3.616293 3.616660 3.620771 3.621237 3.623887 3.623023 3.628985 3.620048

4.960716 4.956103 4.957189 4.960063 4.960924 4.957485 4.961382 4.960451 4.977199 4.960354 4.961187

6.595398 6.592318 6.590470 6.593992 6.591251 6.609310 6.578129 6.577368 6.578614 6.577410 6.588426

GoodEnum
0.004979 0.004987 0.004989 0.005014 0.004990 0.004986 0.005003 0.005001 0.004980 0.004986 0.004991

0.019858 0.019858 0.019862 0.019905 0.019870 0.019874 0.019858 0.019861 0.019861 0.019864 0.019867

0.044573 0.044658 0.044564 0.044580 0.044597 0.044578 0.044591 0.044571 0.044596 0.044569 0.044588

0.079158 0.079203 0.079147 0.079148 0.079163 0.079224 0.079182 0.079136 0.079157 0.079173 0.079169

0.123529 0.123527 0.123574 0.123566 0.123519 0.123586 0.123537 0.123528 0.123539 0.123533 0.123544

0.177844 0.177880 0.177797 0.177796 0.177783 0.177814 0.177928 0.177830 0.177805 0.177846 0.177832

0.241845 0.241892 0.242021 0.241804 0.241815 0.242044 0.241916 0.241912 0.241810 0.241883 0.241894

0.315827 0.315716 0.315757 0.315877 0.315777 0.315790 0.315922 0.315702 0.315739 0.315708 0.315781

0.399583 0.399511 0.399612 0.399523 0.399645 0.399670 0.399638 0.399788 0.399520 0.399664 0.399615

0.493130 0.493570 0.493194 0.493120 0.493282 0.493242 0.493145 0.493171 0.493154 0.493240 0.493225

DVC
0.480861 0.480479 0.480225 0.480914 0.481088 0.481840 0.480059 0.481133 0.480750 0.480945 0.480829

0.995271 0.996089 0.995368 0.993327 0.994437 0.995195 0.994511 0.995535 0.996053 0.995507 0.995129

1.527810 1.525770 1.526451 1.525497 1.525316 1.527538 1.525671 1.526226 1.526209 1.526135 1.526262

2.055726 2.053358 2.054426 2.054467 2.056578 2.055073 2.055492 2.055910 2.054287 2.056209 2.055153

2.602906 2.601681 2.602035 2.601618 2.600244 2.600357 2.603215 2.599385 2.602284 2.602291 2.601602

3.152183 3.150582 3.149557 3.150411 3.153287 3.149851 3.152441 3.151320 3.148518 3.150934 3.150908

3.703546 3.704216 3.701140 3.701182 3.704645 3.701886 3.703555 3.706095 3.703218 3.704138 3.703362

4.241030 4.240879 4.242817 4.243301 4.245108 4.240195 4.239155 4.242273 4.239593 4.239251 4.241360

4.815354 4.818963 4.816445 4.817807 4.815672 4.817032 4.817672 4.819373 4.814022 4.815639 4.816798

5.367568 5.371113 5.368722 5.374711 5.374829 5.376601 5.378212 5.375118 5.378105 5.387745 5.375272

Linear
0.185380 0.184934 0.184876 0.185072 0.185118 0.185316 0.185035 0.185055 0.184995 0.185002 0.185078

0.370431 0.370573 0.370258 0.370542 0.370484 0.370487 0.371106 0.370110 0.370440 0.370743 0.370517

0.555388 0.555421 0.555813 0.557630 0.554244 0.554561 0.553942 0.558034 0.556152 0.555420 0.555661

0.741353 0.746604 0.762432 0.762561 0.761970 0.761947 0.762227 0.740910 0.744013 0.745105 0.752912

0.930318 0.930422 0.929536 0.928631 0.929916 0.931778 0.947597 0.947750 0.949435 0.927237 0.935262

1.110013 1.109859 1.110186 1.108703 1.109483 1.111401 1.109880 1.110485 1.108985 1.108773 1.109777

1.296681 1.298482 1.297076 1.298985 1.298349 1.300987 1.294800 1.293304 1.293652 1.292080 1.296440

1.482419 1.479443 1.479331 1.479081 1.477859 1.477534 1.478482 1.480599 1.479848 1.479868 1.479446

1.662070 1.661949 1.662931 1.662222 1.662080 1.662203 1.662875 1.661081 1.661952 1.662333 1.662170

1.846723 1.848516 1.848429 1.850869 1.851881 1.851127 1.850432 1.850498 1.850686 1.850412 1.849957

