BadEnum
[50, 66, -22, -4, -55, 91, 100, -102, 9, 10, 19, -10, 10, 11, 11, -10, -18, 50, 90]
Sum: 296

GoodEnum
[50, 66, -22, -4, -55, 91, 100, -102, 9, 10, 19, -10, 10, 11, 11, -10, -18, 50, 90]
Sum: 296

DVC
[50, 66, -22, -4, -55, 91, 100, -102, 9, 10, 19, -10, 10, 11, 11, -10, -18, 50, 90]
Sum: 296

LinearTime
[50, 66, -22, -4, -55, 91, 100, -102, 9, 10, 19, -10, 10, 11, 11, -10, -18, 50, 90]
Sum: 296

BadEnum
[1, 9, 10, 92, 87]
Sum: 199

GoodEnum
[1, 9, 10, 92, 87]
Sum: 199

DVC
[1, 9, 10, 92, 87]
Sum: 199

LinearTime
[1, 9, 10, 92, 87]
Sum: 199

BadEnum
[565, 78, 33, 9, 10, 84, 71, -4, -22, -55, -10, 76, -9, -9, -11, 76, 89, 11, 10]
Sum: 992

GoodEnum
[565, 78, 33, 9, 10, 84, 71, -4, -22, -55, -10, 76, -9, -9, -11, 76, 89, 11, 10]
Sum: 992

DVC
[565, 78, 33, 9, 10, 84, 71, -4, -22, -55, -10, 76, -9, -9, -11, 76, 89, 11, 10]
Sum: 992

LinearTime
[565, 78, 33, 9, 10, 84, 71, -4, -22, -55, -10, 76, -9, -9, -11, 76, 89, 11, 10]
Sum: 992

BadEnum
[2, 3, 3, 3, 3, 3, 3, 3, 3, 3, 3, 3, 3, 3, 3, 3, 3, 3, 3, 3, 3, 3, 3, 3, 3, 3, 3, 3, 3, 3, 3]
Sum: 92

GoodEnum
[2, 3, 3, 3, 3, 3, 3, 3, 3, 3, 3, 3, 3, 3, 3, 3, 3, 3, 3, 3, 3, 3, 3, 3, 3, 3, 3, 3, 3, 3, 3]
Sum: 92

DVC
[2, 3, 3, 3, 3, 3, 3, 3, 3, 3, 3, 3, 3, 3, 3, 3, 3, 3, 3, 3, 3, 3, 3, 3, 3, 3, 3, 3, 3, 3, 3]
Sum: 92

LinearTime
[2, 3, 3, 3, 3, 3, 3, 3, 3, 3, 3, 3, 3, 3, 3, 3, 3, 3, 3, 3, 3, 3, 3, 3, 3, 3, 3, 3, 3, 3, 3]
Sum: 92

BadEnum
[2] 
Sum: 2

GoodEnum
[2] 
Sum: 2

DVC
[2] 
Sum: 2

LinearTime
[2] 
Sum: 2

BadEnum
[100, 100, 100, 100, -100, 100, 10]
Sum: 410

GoodEnum
[100, 100, 100, 100, -100, 100, 10]
Sum: 410

DVC
[100, 100, 100, 100, -100, 100, 10]
Sum: 410

LinearTime
[100, 100, 100, 100, -100, 100, 10]
Sum: 410

BadEnum
[10, 92, 57, 99]
Sum: 258

GoodEnum
[10, 92, 57, 99]
Sum: 258

DVC
[10, 92, 57, 99]
Sum: 258

LinearTime
[10, 92, 57, 99]
Sum: 258

