BadEnum
[1, 1, 1, 1, 1, 1, 1, 1, 1, 1, 1, 1, 1, 1, 1, 1]
Sum: 16

GoodEnum
[1, 1, 1, 1, 1, 1, 1, 1, 1, 1, 1, 1, 1, 1, 1, 1]
Sum: 16

DVC
[1, 1, 1, 1, 1, 1, 1, 1, 1, 1, 1, 1, 1, 1, 1, 1]
Sum: 16

LinearTime
[1, 1, 1, 1, 1, 1, 1, 1, 1, 1, 1, 1, 1, 1, 1, 1]
Sum: 16

BadEnum
[200, 7009, 778, -60, 50, 211, -11, 700, 55, -21, -81, 338, 74]
Sum: 9242

GoodEnum
[200, 7009, 778, -60, 50, 211, -11, 700, 55, -21, -81, 338, 74]
Sum: 9242

DVC
[200, 7009, 778, -60, 50, 211, -11, 700, 55, -21, -81, 338, 74]
Sum: 9242

LinearTime
[200, 7009, 778, -60, 50, 211, -11, 700, 55, -21, -81, 338, 74]
Sum: 9242

BadEnum
[0, 0, 99]
Sum: 99

GoodEnum
[0, 0, 99]
Sum: 99

DVC
[99, 
Sum: 99

LinearTime
[99, 
Sum: 99

BadEnum
[1, 1]
Sum: 2

GoodEnum
[1, 1]
Sum: 2

DVC
[1, 1]
Sum: 2

LinearTime
[1, 1]
Sum: 2

BadEnum
[1, 2, 22, -1, 6, 1]
Sum: 31

GoodEnum
[1, 2, 22, -1, 6, 1]
Sum: 31

DVC
[1, 2, 22, -1, 6, 1]
Sum: 31

LinearTime
[1, 2, 22, -1, 6, 1]
Sum: 31

BadEnum
