BadEnum
[12, 8, 19]
Sum: 39

GoodEnum
[12, 8, 19]
Sum: 39

DVC
[12, 8, 19]
Sum: 39

LinearTime
[12, 8, 19]
Sum: 39

BadEnum
[200, 7009, 778, -60, 5, -11, 900, -11, 70, 55, -21, -8, 38, 7]
Sum: 8951

GoodEnum
[200, 7009, 778, -60, 5, -11, 900, -11, 70, 55, -21, -8, 38, 7]
Sum: 8951

DVC
[200, 7009, 778, -60, 5, -11, 900, -11, 70, 55, -21, -8, 38, 7]
Sum: 8951

LinearTime
[200, 7009, 778, -60, 5, -11, 900, -11, 70, 55, -21, -8, 38, 7]
Sum: 8951

BadEnum
[23, 240, -1, -7, -8, 19]
Sum: 266

GoodEnum
[23, 240, -1, -7, -8, 19]
Sum: 266

DVC
[23, 240, -1, -7, -8, 19]
Sum: 266

LinearTime
[23, 240, -1, -7, -8, 19]
Sum: 266

BadEnum
[310, -41, 59, 26, -53, 580, 97, -93, -23, 840]
Sum: 1702

GoodEnum
[310, -41, 59, 26, -53, 580, 97, -93, -23, 840]
Sum: 1702

DVC
[310, -41, 59, 26, -53, 580, 97, -93, -23, 840]
Sum: 1702

LinearTime
[310, -41, 59, 26, -53, 580, 97, -93, -23, 840]
Sum: 1702

BadEnum
[3, 2, 11, 1]
Sum: 17

GoodEnum
[3, 2, 11, 1]
Sum: 17

DVC
[3, 2, 11, 1]
Sum: 17

LinearTime
[3, 2, 11, 1]
Sum: 17

BadEnum
[12, 99, 99]
Sum: 210

GoodEnum
[12, 99, 99]
Sum: 210

DVC
[12, 99, 99]
Sum: 210

LinearTime
[12, 99, 99]
Sum: 210

