BadEnum
0.020000 0.020000 0.020000 0.020000 0.020000 0.020000 0.030000 0.020000 0.020000 0.020000 0.021000

0.070000 0.070000 0.080000 0.070000 0.070000 0.070000 0.070000 0.070000 0.080000 0.050000 0.070000

0.080000 0.090000 0.090000 0.090000 0.090000 0.080000 0.090000 0.090000 0.090000 0.080000 0.087000

0.180000 0.170000 0.170000 0.170000 0.170000 0.170000 0.170000 0.170000 0.170000 0.170000 0.171000

0.300000 0.290000 0.300000 0.290000 0.290000 0.300000 0.290000 0.300000 0.290000 0.300000 0.295000

0.460000 0.470000 0.460000 0.470000 0.470000 0.460000 0.470000 0.470000 0.460000 0.470000 0.466000

0.690000 0.700000 0.690000 0.700000 0.690000 0.700000 0.690000 0.700000 0.690000 0.700000 0.695000

0.980000 0.990000 0.990000 0.990000 0.990000 0.980000 0.990000 0.990000 0.990000 0.990000 0.988000

1.350000 1.360000 1.350000 1.360000 1.350000 1.360000 1.350000 1.360000 1.350000 1.360000 1.355000

1.800000 1.810000 1.800000 1.800000 1.810000 1.800000 1.800000 1.810000 1.800000 1.810000 1.804000

GoodEnum
0.000000 0.000000 0.000000 0.000000 0.000000 0.000000 0.000000 0.000000 0.000000 0.000000 0.000000

0.000000 0.000000 0.000000 0.000000 0.000000 0.000000 0.000000 0.000000 0.000000 0.000000 0.000000

0.000000 0.000000 0.000000 0.000000 0.000000 0.000000 0.000000 0.000000 0.000000 0.000000 0.000000

0.000000 0.000000 0.010000 0.000000 0.000000 0.000000 0.000000 0.000000 0.000000 0.000000 0.001000

0.000000 0.000000 0.010000 0.000000 0.000000 0.000000 0.000000 0.000000 0.000000 0.000000 0.001000

0.010000 0.000000 0.000000 0.000000 0.000000 0.010000 0.000000 0.000000 0.000000 0.000000 0.002000

0.010000 0.000000 0.000000 0.000000 0.010000 0.000000 0.000000 0.000000 0.010000 0.000000 0.003000

0.000000 0.000000 0.010000 0.000000 0.000000 0.010000 0.000000 0.000000 0.010000 0.000000 0.003000

0.000000 0.010000 0.000000 0.010000 0.000000 0.010000 0.000000 0.000000 0.010000 0.000000 0.004000

0.010000 0.000000 0.010000 0.000000 0.010000 0.000000 0.010000 0.000000 0.010000 0.000000 0.005000

DVC
0.000000 0.010000 0.000000 0.000000 0.000000 0.000000 0.000000 0.010000 0.000000 0.000000 0.002000

0.010000 0.010000 0.010000 0.010000 0.010000 0.020000 0.010000 0.010000 0.010000 0.010000 0.011000

0.040000 0.040000 0.030000 0.040000 0.040000 0.030000 0.040000 0.040000 0.040000 0.030000 0.037000

0.090000 0.090000 0.090000 0.090000 0.080000 0.090000 0.090000 0.090000 0.090000 0.080000 0.088000

0.170000 0.180000 0.170000 0.170000 0.170000 0.170000 0.170000 0.170000 0.170000 0.170000 0.171000

0.300000 0.290000 0.290000 0.300000 0.290000 0.300000 0.290000 0.300000 0.290000 0.290000 0.294000

0.470000 0.470000 0.460000 0.470000 0.470000 0.460000 0.470000 0.460000 0.470000 0.470000 0.467000

0.690000 0.700000 0.690000 0.690000 0.700000 0.690000 0.700000 0.690000 0.700000 0.690000 0.694000

0.990000 0.990000 0.990000 0.980000 0.990000 0.990000 0.990000 1.000000 0.980000 0.990000 0.989000

1.350000 1.360000 1.350000 1.360000 1.350000 1.360000 1.350000 1.360000 1.350000 1.370000 1.356000

GoodEnum
0.000000 0.000000 0.000000 0.000000 0.000000 0.000000 0.000000 0.000000 0.000000 0.000000 0.000000

0.000000 0.000000 0.000000 0.000000 0.000000 0.000000 0.000000 0.000000 0.000000 0.000000 0.000000

0.000000 0.000000 0.000000 0.000000 0.000000 0.000000 0.000000 0.000000 0.000000 0.000000 0.000000

0.000000 0.010000 0.000000 0.000000 0.000000 0.000000 0.000000 0.000000 0.000000 0.000000 0.001000

0.000000 0.000000 0.010000 0.000000 0.000000 0.000000 0.000000 0.000000 0.000000 0.010000 0.002000

0.000000 0.000000 0.000000 0.000000 0.000000 0.010000 0.000000 0.000000 0.000000 0.000000 0.001000

0.010000 0.000000 0.000000 0.000000 0.010000 0.000000 0.000000 0.000000 0.010000 0.000000 0.003000

0.000000 0.010000 0.000000 0.000000 0.010000 0.000000 0.000000 0.010000 0.000000 0.000000 0.003000

0.010000 0.000000 0.000000 0.010000 0.000000 0.010000 0.000000 0.010000 0.000000 0.000000 0.004000

0.010000 0.000000 0.010000 0.000000 0.010000 0.000000 0.010000 0.000000 0.010000 0.000000 0.005000

